DecisionTree Model
scores:  [5.57608983 3.08589983 4.44131487 5.69968323 3.15581097 4.9775209
 6.89966873 5.16958136 6.65927924 6.12759566]
mean:  5.179244461151901
std:  1.2465863809933744

LinearRegression Model

scores:  [5.14917689 3.78023349 3.50536396 5.07168568 4.97103821 6.27434255
 3.97920676 4.80755157 4.35031605 6.28392923]
mean:  4.817284439246015
std:  0.904970524853438


RandomForest Model

scores:  [3.97782317 2.58324318 2.55310518 4.7329809  3.03938442 4.47750991
 3.09204904 3.08497006 3.95583885 5.30689961]
mean:  3.6803804323727425
std:  0.9021795921544095